#XCOM-NIST 
#Argon Z=18
#Photon    Coherent Incoher. Photoel. Nuclear  Electron Tot. w/  Tot. wo/ 
#Energy    Scatter. Scatter. Absorb.  Pr. Prd. Pr. Prd. Coherent Coherent 

1.000E-03 3.042E+00 7.079E-03 3.181E+03 0.000E+00 0.000E+00 3.184E+03 3.181E+03 
1.500E-03 2.822E+00 1.420E-02 1.102E+03 0.000E+00 0.000E+00 1.105E+03 1.102E+03 
2.000E-03 2.570E+00 2.204E-02 5.094E+02 0.000E+00 0.000E+00 5.120E+02 5.094E+02 
3.000E-03 2.083E+00 3.717E-02 1.682E+02 0.000E+00 0.000E+00 1.704E+02 1.683E+02 
3.203E-03 1.993E+00 4.001E-02 1.404E+02 0.000E+00 0.000E+00 1.424E+02 1.404E+02 
3.203E-03 1.993E+00 4.001E-02 1.273E+03 0.000E+00 0.000E+00 1.275E+03 1.273E+03 
4.000E-03 1.694E+00 5.023E-02 7.554E+02 0.000E+00 0.000E+00 7.571E+02 7.555E+02 
5.000E-03 1.409E+00 6.099E-02 4.210E+02 0.000E+00 0.000E+00 4.225E+02 4.211E+02 
6.000E-03 1.201E+00 6.971E-02 2.581E+02 0.000E+00 0.000E+00 2.594E+02 2.582E+02 
8.000E-03 9.245E-01 8.293E-02 1.170E+02 0.000E+00 0.000E+00 1.180E+02 1.171E+02 
1.000E-02 7.411E-01 9.288E-02 6.232E+01 0.000E+00 0.000E+00 6.315E+01 6.241E+01 
1.500E-02 4.556E-01 1.105E-01 1.927E+01 0.000E+00 0.000E+00 1.983E+01 1.938E+01 
1.800E-02 3.525E-01 1.176E-01 1.124E+01 0.000E+00 0.000E+00 1.171E+01 1.136E+01 
2.000E-02 3.016E-01 1.213E-01 8.207E+00 0.000E+00 0.000E+00 8.630E+00 8.328E+00 
3.000E-02 1.616E-01 1.316E-01 2.403E+00 0.000E+00 0.000E+00 2.696E+00 2.535E+00 
3.100E-02 1.535E-01 1.321E-01 2.173E+00 0.000E+00 0.000E+00 2.459E+00 2.306E+00 
4.000E-02 1.021E-01 1.351E-01 9.909E-01 0.000E+00 0.000E+00 1.228E+00 1.126E+00 
5.000E-02 7.070E-02 1.359E-01 4.946E-01 0.000E+00 0.000E+00 7.012E-01 6.305E-01 
6.000E-02 5.178E-02 1.353E-01 2.793E-01 0.000E+00 0.000E+00 4.664E-01 4.146E-01 
8.000E-02 3.107E-02 1.322E-01 1.127E-01 0.000E+00 0.000E+00 2.760E-01 2.449E-01 
8.400E-02 2.843E-02 1.314E-01 9.662E-02 0.000E+00 0.000E+00 2.564E-01 2.280E-01 
1.000E-01 2.064E-02 1.280E-01 5.564E-02 0.000E+00 0.000E+00 2.043E-01 1.837E-01 
1.130E-01 1.644E-02 1.252E-01 3.778E-02 0.000E+00 0.000E+00 1.794E-01 1.630E-01 
1.220E-01 1.424E-02 1.233E-01 2.964E-02 0.000E+00 0.000E+00 1.672E-01 1.529E-01 
1.360E-01 1.160E-02 1.204E-01 2.102E-02 0.000E+00 0.000E+00 1.530E-01 1.414E-01 
1.410E-01 1.083E-02 1.194E-01 1.876E-02 0.000E+00 0.000E+00 1.490E-01 1.381E-01 
1.500E-01 9.633E-03 1.176E-01 1.544E-02 0.000E+00 0.000E+00 1.427E-01 1.330E-01 
2.000E-01 5.549E-03 1.087E-01 6.280E-03 0.000E+00 0.000E+00 1.205E-01 1.150E-01 
2.080E-01 5.144E-03 1.074E-01 5.562E-03 0.000E+00 0.000E+00 1.181E-01 1.130E-01 
2.690E-01 3.119E-03 9.886E-02 2.537E-03 0.000E+00 0.000E+00 1.045E-01 1.014E-01 
3.000E-01 2.519E-03 9.518E-02 1.832E-03 0.000E+00 0.000E+00 9.953E-02 9.701E-02 
3.560E-01 1.798E-03 8.942E-02 1.111E-03 0.000E+00 0.000E+00 9.233E-02 9.054E-02 
3.640E-01 1.721E-03 8.868E-02 1.042E-03 0.000E+00 0.000E+00 9.144E-02 8.972E-02 
4.000E-01 1.428E-03 8.554E-02 7.979E-04 0.000E+00 0.000E+00 8.776E-02 8.633E-02 
5.000E-01 9.179E-04 7.822E-02 4.345E-04 0.000E+00 0.000E+00 7.958E-02 7.866E-02 
5.110E-01 8.791E-04 7.752E-02 4.104E-04 0.000E+00 0.000E+00 7.881E-02 7.793E-02 
6.000E-01 6.389E-04 7.244E-02 2.721E-04 0.000E+00 0.000E+00 7.335E-02 7.271E-02 
6.370E-01 5.671E-04 7.057E-02 2.342E-04 0.000E+00 0.000E+00 7.138E-02 7.081E-02 
6.620E-01 5.253E-04 6.939E-02 2.130E-04 0.000E+00 0.000E+00 7.013E-02 6.960E-02 
8.000E-01 3.601E-04 6.369E-02 1.381E-04 0.000E+00 0.000E+00 6.419E-02 6.383E-02 
1.000E+00 2.308E-04 5.730E-02 8.587E-05 0.000E+00 0.000E+00 5.762E-02 5.739E-02 
1.022E+00 2.210E-04 5.670E-02 8.124E-05 0.000E+00 0.000E+00 5.700E-02 5.678E-02 
1.173E+00 1.678E-04 5.295E-02 6.136E-05 1.513E-05 0.000E+00 5.319E-02 5.302E-02 
1.250E+00 1.478E-04 5.125E-02 5.504E-05 4.260E-05 0.000E+00 5.150E-02 5.135E-02 
1.332E+00 1.302E-04 4.959E-02 4.922E-05 8.804E-05 0.000E+00 4.986E-02 4.973E-02 
1.500E+00 1.027E-04 4.658E-02 3.978E-05 2.272E-04 0.000E+00 4.695E-02 4.685E-02 
2.000E+00 5.778E-05 3.977E-02 2.471E-05 8.864E-04 0.000E+00 4.074E-02 4.068E-02 
