-0.19 512.8
-0.19 512.8
-0.18 512.9
-0.2 513.0
-0.19 512.7
-0.13 512.9
-0.19 512.8
-0.19 513.4
-0.19 513.4
-0.2 513.6
-0.19 512.6
-0.2 513.8
-0.19 514.0
-0.19 514.4
-0.19 513.8
-0.19 513.8
-0.2 513.8
-0.19 514.0
-0.19 513.8
-0.19 514.0
-0.19 514.0
-0.19 512.5
-0.25 512.9
-0.19 513.3
-0.19 513.5
-0.19 513.5
-0.19 513.1
-0.19 513.7
-0.19 513.6
-0.18 513.5
-0.25 513.5
-0.18 513.7
-0.2 514.0
-0.18 514.3
-0.19 513.8
-0.15 513.8
-0.18 514.1
-0.17 514.3
-0.17 513.9
-0.17 514.0
-0.18 514.3
-0.21 512.8
-0.19 512.7
-0.19 512.5
-0.14 513.5
-0.19 513.2
-0.17 512.2
-0.19 513.3
-0.24 512.5
-0.2 512.6
-0.19 512.6
-0.19 512.7
-0.18 512.9
-0.19 513.2
-0.2 513.6
-0.21 513.9
-0.19 513.4
-0.18 513.2
-0.19 513.7
-0.18 514.0
-0.18 512.0
-0.19 513.7
-0.18 513.7
-0.18 513.9
-0.19 513.6
-0.19 512.9
-0.25 513.0
-0.19 512.9
-0.2 513.9
-0.19 512.9
-0.25 513.3
-0.19 514.2
-0.2 514.9
-0.19 514.9
-0.2 514.9
-0.2 514.0
-0.29 514.9
-0.18 513.9
-0.2 519.0
-0.28 513.7
-0.25 513.1
-0.18 513.7
-0.18 513.7
-0.2 513.7
-0.18 513.3
-0.18 513.3
-0.19 513.3
-0.18 513.3
-0.19 513.6
-0.18 513.4
-0.18 513.4
-0.2 513.3
-0.19 513.3
-0.2 513.2
-0.19 513.8
-0.19 513.2
-0.19 513.8
-0.19 513.8
-0.19 513.5
-0.19 513.8
-0.19 513.2
-0.19 513.8
-0.19 513.8
-0.19 513.8
-0.19 513.7
-0.19 513.3
-0.19 513.4
-0.19 513.7
-0.19 513.7
-0.19 513.7
-0.19 513.7
-0.19 514.0
-0.18 513.0
-0.17 513.9
-0.19 512.3
-0.18 512.0
-0.18 512.0
-0.18 512.1
-0.19 512.1
-0.19 512.3
-0.19 512.3
-0.19 512.1
-0.19 512.1
-0.19 512.2
-0.19 511.1
-0.18 512.2
-0.18 512.2
-0.19 512.3
-0.18 512.3
-0.18 512.3
-0.18 512.3
-0.18 512.3
-0.18 512.3
-0.18 514.0
-0.19 514.0
-0.19 514.0
-0.19 514.4
-0.2 514.2
-0.19 514.5
-0.18 515.0
-0.19 514.4
-0.21 514.4
-0.19 514.4
-0.19 513.3
-0.18 514.6
-0.21 514.4
-0.23 514.1
-0.18 513.9
-0.15 513.9
-0.17 513.9
-0.17 514.1
-0.2 514.2
-0.22 514.2
-0.19 514.2
-0.15 514.2
-0.19 514.0
-0.16 513.8
-0.19 514.9
-0.2 514.2
-0.2 514.2
-0.25 513.3
-0.16 513.5
-0.16 514.1
-0.22 513.8
-0.24 513.5
-0.1 513.5
-0.1 513.5
-0.1 513.5
-0.19 513.8
-0.19 513.8
-0.2 513.8
-0.19 514.0
-0.2 513.6
-0.23 513.9
-0.23 513.8
-0.2 513.8
-0.2 513.8
-0.17 513.4
-0.19 513.4
-0.19 513.4
-0.22 513.2
-0.16 513.3
-0.19 513.5
-0.18 513.2
-0.12 514.0
-0.13 513.2
-0.16 513.2
-0.19 513.9
-0.15 513.8
-0.13 514.2
-0.16 513.6
-0.21 513.6
-0.19 513.6
-0.16 514.3
-0.16 513.6
-0.2 513.2
-0.24 513.3
-0.21 513.4
-0.25 513.6
-0.23 513.6
-0.2 513.6
-0.25 513.8
-0.22 513.4
-0.23 513.4
-0.22 513.8
-0.19 513.7
-0.2 513.2
-0.2 513.7
-0.27 513.8
-0.2 513.8
-0.25 514.4
-0.21 514.0
-0.21 514.0
-0.21 514.0
-0.21 514.0
-0.24 513.5
-0.2 513.7
-0.23 512.3
-0.19 513.7
-0.19 512.3
-0.19 513.8
-0.19 513.8
-0.2 513.8
-0.2 514.0
-0.13 514.2
-0.2 514.4
-0.2 514.0
-0.17 513.7
-0.2 514.3
-0.4 514.0
-0.3 514.0
-0.19 513.7
-0.21 513.6
-0.13 511.9
-0.12 511.9
-0.2 513.2
-0.2 513.0
-0.21 513.9
-0.22 513.8
-0.25 514.0
-0.14 513.8
-0.2 514.0
-0.18 514.1
-0.26 513.8
-0.12 514.1
-0.24 514.1
-0.2 513.5
-0.16 513.4
-0.26 510.8
-0.3 512.0
-0.16 512.6
-0.25 511.1
-0.19 511.9
-0.18 511.3
-0.2 511.0
-0.12 511.2
-0.19 513.4
-0.18 513.7
-0.18 513.7
-0.19 513.7
-0.2 513.2
-0.18 512.5
-0.23 513.3
-0.19 513.5
-0.2 513.9
-0.13 513.9
-0.19 513.9
-0.24 514.5
-0.19 513.2
-0.13 514.6
-0.2 514.2
-0.19 515.0
-0.19 515.0
-0.2 515.0
-0.21 515.0
-0.2 515.0
-0.2 510.0
-0.2 513.8
-0.21 514.0
-0.21 514.0
-0.21 514.0
-0.2 513.0
-0.25 513.7
-0.25 513.9
-0.19 513.9
-0.19 513.0
-0.2 513.0
-0.26 513.0
-0.28 514.0
-0.25 514.0
-0.26 513.0
-0.25 513.0
-0.23 513.0
-0.24 514.3
-0.2 519.5
-0.2 519.5
-0.2 519.5
-0.2 519.5
-0.19 519.5
-0.2 519.0
-0.2 518.5
-0.19 518.0
-0.19 517.5
-0.2 517.0
-0.19 516.0
-0.19 516.0
-0.2 514.0
-0.19 514.0
-0.19 513.9
-0.19 513.4
-0.13 513.4
-0.19 514.0
-0.22 513.0
-0.27 513.8
-0.26 513.8
-0.25 513.8
-0.23 514.1
-0.2 514.8
-0.25 514.4
-0.25 514.2
-0.25 514.8
-0.13 514.8
-0.21 514.2
-0.21 514.3
-0.22 514.1
-0.25 514.0
-0.23 513.8
-0.19 513.3
-0.19 513.8
-0.19 513.4
-0.2 513.8
-0.21 513.8
-0.21 513.8
-0.18 513.9
-0.19 513.9
-0.2 513.9
-0.19 513.9
-0.18 513.9
-0.18 513.9
-0.19 513.9
-0.19 513.9
-0.19 513.5
-0.18 513.5
-0.19 513.5
-0.19 513.5
-0.19 513.5
-0.19 513.5
-0.19 513.5
-0.21 513.2
-0.19 513.3
-0.19 513.3
-0.19 513.3
-0.19 513.5
-0.18 513.9
-0.28 514.0
-0.23 512.9
-0.23 513.9
-0.19 513.7
-0.31 513.7
-0.39 513.5
-0.19 513.1
-0.19 515.1
-0.19 513.1
-0.19 513.1
-0.19 513.1
-0.19 513.1
-0.19 513.1
-0.19 513.1
