Actividadinyectada
10.87
10.11
7.24
7.97
6.54
10.47
11.15
5.44
7.54
8.20
6.14
6.71
7.60
6.72
6.40
5.84
9
5.88
6.81
6.88
9
6
8.12
8.89
7.14
7.78
9.68
9.31
10.51
10.2
6.87
9.32
9.59
7.6
5.88
6.85
6.91
12
10.93
9.3
9.36
10.19
5.49
7.77
7.34
6.16
10.3
7.74
8.08
11.14
7.20
7.64
7.16
10.1
6.9
5.50
8.23
7.23
14.01
7.13
6.65
9.10
6.95
5.16
7.77
8.9
10.3
9.06
9.23
7.2
7.6
7.06
6.61
2.09
10.8
11.49
10.7
8.51
7
8.50
8.3
12.96
11.8
11.97
9.6
10.3
7.6
9.3
7.2
8
9.5
9.8
8.3
9.8
6
14
10.8
11.8
10.1
10.5
10.7
8.8
9.2
9.4
10.8
8.3
8.4
11.8
7.8
10.5
8.6
11.3
9.8
8.4
7.3
10.4
8.6
8.3
7.5
8.5
7.4
10.5
12.5
7.4
6.4
7.3
9.0
9.8
9.8
8.4
13
8.5
6.4
4.9
8.7
3.2
9.4
11.7
12.7
10.6
9
10.1
8.7
8
2.9
11.5
5.8
5.9
10
8.8
7
8.5
8.0
12.04
9.20
7.84
6.7
8.6
9.4
10
6.9
10.8
12.4
9.6
9.6
7.3
7.0
2.02
6
8.0
10.62
10.41
12.8
7.69
8.9
7.2
11.0
9.02
9.38
7.82
7.2
12.0
8.85
9.0
7.79
9.6
9.9
12.0
7.09
8.86
2.36
7.26
7.34
9.10
8.1
5.88
6.04
7.60
6.05
8.02
8.07
4.81
6.62
6.6
7.1
9.58
8.84
10.03
10.28
9.39
11.67
9.02
9.17
8.59
10.41
5.53
6.76
8.95
6.90
6.69
6.54
6.62
14.45
7.84
6.92
9.74
7.81
7.82
6.80
2.64
7.83
7.53
6.35
8.05
8.06
6.24
6.49
7.11
7.47
8.12
16.3
11.84
7.7
9.39
6.71
7.74
6.88
8.15
5.61
9.14
8.90
6.70
7.60
9.40
6.60
2.69
8.27
5.92
6.50
7.11
12.10
7.36
7.55
9.01
6.39
9.14
9.57
9.06
8.58
8.90
5.33
7.43
9.60
2.64
6.92
9.09
11.84
10.45
5.47
10.61
5.85
6.89
10.97
8.18
8.07
7.73
7.02
10.58
3.52
9.37
7.0
9.03
7.05
11.33
7.81
7.8
6.81
10.60
11.28
7.44
6.43
8.8
10.47
7.04
7.67
10.94
11.75
9.8
9.74
10.23
7.7
4.1
9.1
9.5
3.77
8.5
8.78
4.7
7.45
7.38
11.46
7.40
7.8
5.9
9.6
8.52
12.8
9.0
14.5
NP
7.68
6.23
8.17
9.76
7.1
8.26
5.66
8.26
5.98
10.9
10.76
6.14
5.05
5.49
8.60
7.40
3.28
5.15
10.85
8.72
8.62
9.15
10
11
10
11.7
9.76
10.65
6.49
10.98
NP
12.72
9.05
NP
NP
NP
NP
6.88
13.90
9.07
11.61
9.62
10.11
4.37
7.0
12.67
8.7
10.60
10.5
7.15
7.98
9.76
11.06
8.85
11.05
10.84
8.52
7.82
9.70
6.01
7.89
6.54
10.30
9.44
12.68
11.3
7.44
7.15
7.0
10.15
9.97
9.50
8.27
11.0
9.14
6.6
6.86
7.0
6.1
9.4
6.88
9.0
7.5
8.0
3.0
9.73
9.19
9.0
7.47
7.79
8.48
10.8
8.1
9
7
6
6.73
11.01
12.0
10.2
9.42
9.52
7.52
10.0
10.5
6.67
8.0
8.0
9.0
9.0
10
4.7
9
12
7.43
12
8.6
10.2
8.73
8.8
10.5
9.5
8.0
15
13.2
8.91
8.53
10.04
8.45
9.38
3.4
9.93
8.3
8
8
5.48
NP
10.09
11.0
8.0
7.8
6.8
13
8.9
7.2
8.3
8.8
6.4
8.8
6.4
6.5
8.8
9.8
8.1
6.7
2.6
11.8
9.4
9.8
8.2
9.0
8.9
11.8
7.3
8.0
6.3
7.5
12.4
7.3
8.6
11.0
11.8
7.8
4.7
9
11.8
10.6
6.8
11.7
7.4
8.4
6.6
7.2
7.5
6.3
10
8
10
9
8.3
9
3.24
10.6
10.22
7.20
11
9.36
11.27
9.6
7.0
9.0
10.79
8.0
19.3
12.29
9.9
8.1
8.6
7.56
10.5
8.1
8.9
5.5
12.1
10
10
10.46
9
9.3
10.32
6.2
6.35
10.47
9
9
9.96
7.38
6.79
11.17
9.6
7.7
11.5
8
4
8.94
10.5
12
9
12.9
9.2
6.07
10
11.6
11.3
12.97
12.85
11
10.64
11.7
4.5
7.48
10.4
9.97
11
9.15
10.10
9.68
10.45
9.46
9.0
7.94
11.3
8.8
10.11
7.5
9.3
11.9
11.4
11.5
12
10
7.5
7
8.85
8
3
12.4
5.7
10.4
5.8
9
11
7
13
12
11.6
8
8
8.5
7.9
10
10
7
11
9.4
8.5
8
9
7
10.5
11
10.44
8.8
10
9.8
9.6
7.6
7.5
7
7.12
6.83
10.6
7.84
11.2
7.03
11.16
7.87
8.12
8
11.70
7.10
8.8
8.8
6.05
10.66
8.07
10.11
9.85
10.26
11.12
NP
14.45
6.5
9.0
14.3
14
9
6.3
7.4
9.6
5.8
7.4
11
10
7
3
9
9
9
10
10
8.5
12
12
10
10.2
8
13
9
8
11
3.3
3.28
8
12
7.6
9.5
9.8
9.8
9.6
9
8
10
7
10
9
11.7
6.8
7.92
8.67
9.42
7.88
8.30
9.80
8.7
10.03
10.56
8.9
8.6
4.8
10.9
8.2
7.18
10
9.4
8.2
8.8
9.9
3
10.9
9.5
7.5
10
8
4
9
7.2
11
7.8
8.9
12
13
8
11
8.8
10.2
4.5
12.8
8.0
10.9
9
10.3
10
10
7.3
10.2
10
4.7
7.1
11
7.4
7.1
15
10.2
13.2
13.8
9.8
11.1
12.6
8.2
8.2
8.9
9.3
10.5
12
12
10
12.29
7.7
8.6
10.6
7.5
12
12
8.4
8
10.02
9.63
8.71
6.65
10.15
6.85
10.31
6.97
9.10
8.20
6.32
8.82
11.63
8.44
8.73
9.84
11.47
12.52
12.11
6.91
6.56
11.55
14.5
8.26
12.4
6.94
8.79
10.46
8.73
8.21
10.45
6.61
9.22
8.82
10.21
7.51
9.98
8.50
7.55
5.38
12.1
10.77
8.36
4.60
6.87
7.31
10.47
10.29
10.20
8.36
7.48
9.94
13.92
10.69
10.26
3.53
10.55
7.77
9.06
9.51
8.61
9.69
9.02
7.25
7.60
8.39
9.91
10.53
11.11
8.02
13.49
9.53
9.53
10.57
7.88
7.03
10.09
9.32
9.57
10.19
12.41
13.17
8.41
7.17
8.93
8.28
8.32
9.15
9.17
6.01
10.51
10.97
8.12
8.15
5.05
8.84
7.61
10.4
9.28
6.81
12.35
13.5
10.30
10.80
9.75
9.95
9.45
11.45
8.75
7.35
11.9
7.6
9
9.46
10.43
9.82
10.21
7.72
10.19
13.02
7.85
7.83
8.92
10.05
7.36
10.52
11.51
7.44
11.62
12.89
14.05
9.39
7.09
7.71
7.71
7.11
7.65
8.64
7.33
12.9
12
9.40
9
7.82
10.5
10.2
13.06
8.59
11.19
13.08
6.43
6.73
7.02
9.09
7.09
11.49
8.91
11.59
10.74
7.16
7.94
12.7
9.92
9.18
4.58
7.73
10.5
9.95
10.5
3.26
11.15
8.69
11.13
9.49
8.09
7.06
11.1
8.52
8.7
13.2
9.6
10.9
11.06
10.3
10.8
11.2
7.25
12
9.8
6.48
12
11
8
9.41
2.9
12.5
12
15.6
15
9.1
8.7
8
11.8
6.9
7.3
5.5
8
3.7
8.8
NP
6.6
10.8
11.4
10
8.7
11.9
7.6
9.2
8.7
9.7
10
9.3
11.4
9.7
9.5
NP
12.3
6.6
8.9
9.3
10.8
9.89
8.6
11
5.6
9.7
10.9
6.7
9.14
8.07
11.6
7.7
11.7
6.61
11.8
8.8
11.5
10.3
9.7
6.94
7.41
11.3
9.5
11.7
8
11.3
9.2
6.48
9.9
6.31
7.40
6.72
14.1
8.6
6.45
9.22
9.57
8.9
11.8
9.6
8.90
6.7
8
6.99
10.5
7.71
3.76
13
11.68
8.66
8.32
9.2
6.91
10.9
12
10.21
8.78
8
8.4
8.21
9.86
7.26
7.68
7.38
10.9
8.44
8.5
7.5
8.8
8.1
8.1
11.22
9.99
10
7.29
11.6
7.12
13.3
9.70
10.76
7.83
7.49
10.99
6.85
9.34
7.79
6.49
5.87
4.40
7.80
8.21
8.50
8.68
5.64
4.49
8.80
7.65
11.18
8.19
8.70
12.85
7.75
9.59
10.72
15.4
14.0
9.9
8.32
11.80
9.40
7.80
15.4
12.45
10.46
9.20
8.63
10.45
8.60
9.12
9.16
11.13
11.24
7.63
9.93
10.25
10.02
10.57
7.89
14.32
2.44
7.27
7.58
10.74
10.31
6.78
7.27
11.34
11.24
10.73
12.53
9.53
10.16
11.23
10.49
8.61
10.93
10.93
3.12
9.89
8.47
11.46
10.63
12.79
10.75
11.60
10.98
9.46
7.72
8.37
8.05
10.91
10.91
8.63
6.12
9.42
9.75
12.17
11.45
7.82
10.53
11.38
9.10
9.75
8.03




