Actividadinyectada
3.85
4.76
3.36

3.85
4.76
3.36
3.8
3.47
3.16
4.11
5
3.2
3.3
2.9
4.27
2.65
3.8
4.5
4.5
3.5
3.7
4
5.9
4.36
4.5
3.6
3.6
6.23
5.82
1.7
5.48
5.50
4.39
3.59
4.78
4.49
3.9
4.8
4.28
3.68
4.24
4.4
4.25
4.6
3.5
2.4
3.6
3.5
3.27
2.6
3.27

3.5
3.1
2.9
2.8
2.1
2.9
2.6
2.5
2.4
3.6
2.5
2.7
2.3
5.2
5
5
6.7
4.7
6
6
6
5.52
5.58
5.83
4.74
5.65
4.6
4.89
4.84
4.16
4.55
4.23
3.48
4.54
5.72
3.64
4.07
4.40
4.39
5.48
5.94
5.94
2.89
5.39
4.52
3.35
4.74
5.5
5
4.75
3.2
4.09
3.85
4.25
4.25
3.82
3.73
4
2.87
2.7
2.8
3.55
4.7
3.9
3.7
3.4
3.4
3.16
2.94
3
3.1
3
4.6
5
3.3
2.79
2.5
3.18
3.03
2.84
4.44
4.92
3.06
2.08
2.27
2.86
2.46
2.07
2.86
2.85
2.54
5.43
4.92
4.15
5.67
4.53
4.55
